100
200
1 1
1 2
1 3
1 4
1 5
1 6
1 7
1 8
1 9
1 10
1 11
1 12
1 13
1 14
1 15
1 16
1 17
1 18
1 19
1 20
1 21
1 22
1 23
1 24
1 25
1 26
1 27
1 28
1 29
1 30
1 31
1 32
1 33
1 34
1 35
1 36
1 37
1 38
1 39
1 40
1 41
1 42
1 43
1 44
1 45
1 46
1 47
1 48
1 49
1 50
2 50
3 50
4 50
5 50
6 50
7 50
8 50
9 50
10 50
11 50
12 50
13 50
14 50
15 50
16 50
17 50
18 50
19 50
20 50
21 50
22 50
23 50
24 50
25 50
26 50
27 50
28 50
29 50
30 50
31 50
32 50
33 50
34 50
35 50
36 50
37 50
38 50
39 50
40 50
41 50
42 50
43 50
44 50
45 50
46 50
47 50
48 50
49 50
50 50
51 50
51 51
51 52
51 53
51 54
51 55
51 56
51 57
51 58
51 59
51 60
51 61
51 62
51 63
51 64
51 65
51 66
51 67
51 68
51 69
51 70
51 71
51 72
51 73
51 74
51 75
51 76
51 77
51 78
51 79
51 80
51 81
51 82
51 83
51 84
51 85
51 86
51 87
51 88
51 89
51 90
51 91
51 92
51 93
51 94
51 95
51 96
51 97
51 98
51 99
51 100
5 5
6 5
7 5
8 5
9 5
10 5
11 5
12 5
13 5
14 5
15 5
16 5
17 5
18 5
19 5
20 5
21 5
22 5
23 5
24 5
25 5
26 5
27 5
28 5
29 5
30 5
31 5
32 5
33 5
34 5
35 5
36 5
37 5
38 5
39 5
40 5
41 5
42 5
43 5
44 5
45 5
46 5
47 5
48 5
49 5
50 5
51 5
52 5
53 5
54 5